$ANSIBLE_VAULT;1.1;AES256
36636530366661346466303465353363656433653930663363383230316632303836376134633765
3461376263393961373961666466616133386637343063620a643839653235383362666533643063
31643330313431393739373137323434356537633164656337366365373536363830303264353836
3861363063363039340a333266366235663831373033343666333464326164633962323566643637
64666137326333353936623234326663313737343335613237393130633362346666616134356536
35303938303461356435363961323864323765366631393362613738333934633962383565343164
37656561663734343964356136643430376335333962333064383863336533656265323862393337
61633432346432343837326263643061396465353738303337353139616333643539356439333366
34633033303630333164616236623336303663653339353537323332623366373663333137353965
35653530323362633163386234396332326330386361346561663561316239633533336566393766
62343661323230616136666438303661363663646337313737303738656532323830326330373539
35346437383164373430303630646361353033636138316336623861393938393239643537656131
62383466373233643363383336386130613035396134623232333731313662393962666236646264
39313231356161643262613336396339663536353862396262356366636133643632383338633963
66626539346437366636373038663635343739646165333430353861386533393936353666363764
30613430386532396264643534323261626130363338633765303237343337663332663032306630
65646235636663373336343065303961636262326534663237383632363537353765326536396338
34333261343933666366633135383530393232346265383964623966393736356439323636356436
32363231653932383634623632656335643030656534366466313765326531323965343131306534
64366663656664313761323365316332656164336433613934313733643062656362356665393962
30323835313831653062363433303961346533316362636564363935373439346434656533303838
33623565616531626533343533356537663931626234336430356564366262373333656636393461
37316537313032373465663962633130306263653966333831343662343337383361623532306237
62393136396136663235323264343239323631646361323866383362303533643036323933623535
38333235366462326237326464316536313436353563323635323030386139323066333438383565
3836386435356237663434333332356337333164383632613335
